0.7727272727272727
0.7318181818181818
0.7727272727272727
0.75
0.7772727272727271
0.7818181818181816
0.7772727272727272
0.7818181818181817
0.7909090909090908
0.7909090909090909
0.8045454545454545
0.7863636363636364
0.809090909090909
0.8090909090909092
0.8045454545454545
0.8045454545454545
0.809090909090909
0.7954545454545454
0.8
0.7954545454545454
0.7999999999999999
0.7954545454545454
0.7863636363636364
0.7863636363636364
0.7909090909090908
0.7818181818181817
0.7863636363636363
0.7863636363636363
0.7863636363636364
0.7909090909090908
0.7863636363636363
0.7818181818181816
0.7818181818181816
0.7818181818181817
0.7772727272727271
0.7772727272727271
0.7818181818181816
0.7818181818181817
0.7863636363636363
0.7772727272727272
0.7727272727272727
0.7772727272727272
0.7772727272727271
0.7727272727272727
0.7772727272727272
0.7818181818181819
0.7818181818181819
0.7818181818181819
0.7818181818181819
0.7818181818181819
0.7818181818181819
0.7772727272727272
0.7818181818181819
0.7818181818181819
0.7818181818181819
0.7772727272727273
0.7818181818181819
0.7772727272727272
0.7772727272727272
0.7727272727272727
0.7727272727272727
0.7727272727272727
0.7727272727272727
0.7681818181818182
0.7727272727272727
0.759090909090909
0.7727272727272727
0.7727272727272727
0.7727272727272727
0.7636363636363636
0.7636363636363636
0.759090909090909
0.7636363636363636
0.7545454545454545
0.7636363636363636
0.759090909090909
0.7545454545454545
0.759090909090909
0.759090909090909
0.7545454545454545
0.75
0.7545454545454545
0.759090909090909
0.7545454545454545
0.7545454545454545
0.7636363636363636
0.759090909090909
0.7545454545454545
0.7454545454545454
0.7499999999999999
0.7499999999999999
0.7454545454545454
0.759090909090909
0.7499999999999999
0.7545454545454545
0.75
0.7636363636363637
0.7499999999999999
0.7499999999999999
0.740909090909091
0.740909090909091
0.7454545454545454
0.740909090909091
0.740909090909091
0.7318181818181818
0.7318181818181817
0.7272727272727273
0.7363636363636362
0.7136363636363636
0.7227272727272727
0.7045454545454545
0.7045454545454545
0.6909090909090909
0.6818181818181819
0.6727272727272726
0.6772727272727271
0.6954545454545454
0.6863636363636363
0.6954545454545454
0.7045454545454545
0.7
0.7
0.6818181818181819
0.7045454545454545
0.6772727272727272
0.6772727272727272
0.6545454545454545
0.6636363636363637
0.6545454545454545
0.6590909090909091
0.6409090909090909
0.6454545454545454
0.6181818181818182
0.6363636363636364
0.6272727272727272
0.6272727272727272
0.6318181818181817
0.6318181818181817
0.6272727272727272
0.6227272727272728
0.6090909090909091
0.6136363636363635
0.6272727272727273
0.6227272727272728
0.6227272727272727
0.6227272727272727
0.6045454545454545
0.609090909090909
0.609090909090909
0.6136363636363636
0.6136363636363636
0.6090909090909091
0.5863636363636363
0.5772727272727273
0.5636363636363636
0.5454545454545455
0.5272727272727272
0.5227272727272727
0.5136363636363636
0.5136363636363636
0.5045454545454545
0.4999999999999999
0.4999999999999999
0.4954545454545454
0.4954545454545454
0.48636363636363633
0.48636363636363633
0.48636363636363633
0.4818181818181818
0.48636363636363633
0.48636363636363633
0.48636363636363633
0.48181818181818176
0.48181818181818176
0.48181818181818176
0.47727272727272724
0.47272727272727266
0.48181818181818176
0.48181818181818176
