0.759090909090909
0.7318181818181817
0.7863636363636364
0.7363636363636363
0.7545454545454545
0.7772727272727271
0.7681818181818182
0.7772727272727271
0.7772727272727272
0.7909090909090908
0.8
0.7954545454545454
0.8045454545454545
0.7818181818181817
0.8
0.8045454545454545
0.8
0.809090909090909
0.8045454545454545
0.8045454545454545
0.8
0.8
0.7954545454545455
0.7954545454545454
0.8
0.8
0.7954545454545454
0.7909090909090909
0.7954545454545454
0.7909090909090909
0.8
0.7954545454545454
0.8
0.7909090909090908
0.7954545454545454
0.7863636363636364
0.7818181818181819
0.7772727272727272
0.7818181818181819
0.7772727272727272
0.7863636363636364
0.7727272727272727
0.7772727272727272
0.7727272727272727
0.7772727272727272
0.7772727272727272
0.7818181818181817
0.7818181818181817
0.7863636363636364
0.7772727272727272
0.7681818181818182
0.7818181818181817
0.7681818181818182
0.7772727272727272
0.7772727272727272
0.7681818181818182
0.7727272727272727
0.7681818181818181
0.7727272727272726
0.7636363636363636
0.7727272727272727
0.7727272727272727
0.7772727272727271
0.7727272727272727
0.7772727272727271
0.7727272727272727
0.7727272727272727
0.7727272727272727
0.7772727272727272
0.7727272727272727
0.7772727272727272
0.7772727272727272
0.7772727272727272
0.7727272727272727
0.7727272727272727
0.7727272727272727
0.7727272727272727
0.7681818181818183
0.7681818181818183
0.7681818181818182
0.7772727272727272
0.7772727272727272
0.7818181818181819
0.7818181818181819
0.7772727272727272
0.7818181818181819
0.7818181818181817
0.7772727272727272
0.7681818181818181
0.7681818181818182
0.759090909090909
0.7636363636363636
0.759090909090909
0.7545454545454546
0.7727272727272727
0.7727272727272727
0.7727272727272727
0.7863636363636364
0.7772727272727272
0.7818181818181817
0.7818181818181817
0.7727272727272727
0.7727272727272727
0.7818181818181819
0.7727272727272727
0.7727272727272727
0.759090909090909
0.7681818181818182
0.7545454545454545
0.7681818181818181
0.7499999999999999
0.7636363636363637
0.7318181818181817
0.7363636363636363
0.7272727272727272
0.7272727272727273
0.7181818181818181
0.7318181818181817
0.7272727272727272
0.7136363636363636
0.7136363636363636
0.709090909090909
0.7090909090909091
0.7136363636363636
0.7136363636363636
0.7
0.6818181818181819
0.6772727272727272
0.6772727272727274
0.6681818181818182
0.6772727272727272
0.6818181818181818
0.6727272727272726
0.6772727272727272
0.6772727272727272
0.6681818181818182
0.6681818181818182
0.6499999999999999
0.6363636363636362
0.6318181818181817
0.6272727272727272
0.6272727272727272
0.6227272727272727
0.6227272727272727
0.6181818181818182
0.6136363636363636
0.6090909090909091
0.6090909090909091
0.6045454545454544
0.5909090909090907
0.5772727272727272
0.5727272727272725
0.5590909090909091
0.5499999999999999
0.5363636363636363
0.5272727272727271
0.509090909090909
0.4954545454545453
0.4999999999999999
0.4999999999999999
0.4954545454545453
0.4999999999999999
0.4954545454545454
0.4954545454545454
0.4999999999999999
0.5045454545454545
0.4954545454545454
0.4954545454545454
0.48636363636363633
0.4772727272727272
0.4863636363636362
0.4954545454545454
0.4818181818181818
0.47727272727272724
0.46818181818181814
0.4318181818181818
0.42272727272727273
0.43636363636363634
0.4409090909090908
